bomb 1 1 0.000000 3.000000 1 3.048010 7.522980 4.474969
bomb 1 2 1.000000 1.000000 0 0.000000
bomb 1 3 2.000000 2.000000 0 0.000000
bomb 2 1 8.200000 11.200000 1 12.592566 16.431903 3.839337
bomb 2 2 9.200000 11.450170 1 18.809093 22.352850 3.543756
bomb 2 3 10.200000 10.200000 0 0.000000
bomb 3 1 23.600000 26.600000 1 28.852008 31.833337 2.981329
bomb 3 2 24.600000 26.099660 1 41.260774 43.487331 2.226556
bomb 3 3 25.600000 25.600000 0 0.000000
bomb 4 1 24.000000 28.500000 0 0.000000
bomb 4 2 25.000000 25.000000 0 0.000000
bomb 4 3 26.000000 26.000000 0 0.000000
bomb 5 1 13.400000 14.900000 1 15.578387 19.206769 3.628381
bomb 5 2 14.400000 14.400000 0 0.000000
bomb 5 3 15.400000 15.400000 0 0.000000
missile 1 3 3.048010 7.522980 28.852008 31.833337 41.260773 43.487329
missile 2 2 12.592566 16.431903 18.809094 22.352850
missile 3 1 15.578387 19.206769
